-76.582723508727767125
11.597607280012320885
11.597602980500138159
11.59760624360472292
136.29191038113677337
0.00065736612318094628585
0.00015763695909170436405
0.00010281325257466080478
0.60598577516129426002
8.622502072957837882
1.3026907506507627854
0.0061554897852557416069
0.91196740757745564654
0.9284786770323278926
0.08434864047509429974
0.73029482887602192864
9.1373661070470026471e-006
3.3743639794952391236e-006
4.0606328303287178016
0.88613164456876847286
0.010260415121746474174
0.11630331441568972362
0.011183223654381723236
0.0018554943484994160241
0.13763626737477255291
0.0025021502395202888797
0.026816520118858187122
0.014554755116649930116
0.13661976480840815062
0.14948217327397358978
0.89223789037663514545
6.9963827852595141297e-006
4.0882098829132417688e-005
0.0020555761465272516346
1.2891492893313689013e-005
0.10564506385605781924
0.89222616601482263032
6.9965088137443585213e-006
4.1194559093090169204e-005
0.0020710271285055261228
1.2890417023412074636e-005
0.10563612759791837781
0.89399316221600044763
7.0098354658083121085e-006
7.6259213403536877395e-007
3.8171054825728122485e-005
1.2928523929424290507e-005
0.10594726479343129222
0.8939883908919217248
7.0098144607517168985e-006
7.765629656336432412e-007
3.88625601421212799e-005
1.2928412149149936359e-005
0.10594642386126190692
0.35570299923434867129
0.29885142780091816794
0.11159422595577964121
0.015626726833731570399
0.059460895848647124518
0.06594413780558222582
0.33396113057827708781
0.15313708542476275887
0.51202249777380903772
0.00086538660750018839025
1.3117524752087416536e-005
0.15810103959141352803
0.011838989133456712111
0.00029661763179816055119
0.0032078229843989546424
0.12709622035281592511
0.003016563495091539697
0.11179583109690950649
0.068167811529581276431
0.32571766777014038441
0.49426322742842437874
5.4875453786668647684e-005
5.0898850116006330873e-007
0.022999999999999999611
6.9525233126768799677e-305
4.241800602370022205e-312
2.2049744640065243444e-309
4.2504467511722440196e-312
0.60844741308843208749
0.61857084387146232807
0.13043014539882694103
0.016091947311678900245
0.00039707294745936242645
0.0025747116496528947745
0.0047648776607041413989
391.71309650776930766
17.32224013341634361
0.014202604369613059526
0
0
0
0.70674788021855716735
0.089226037564602025953
3.4271472142511669276e-005
1.1494799378198293691e-008
3.3451421703010001051e-009
5.8980114926719692347e-005
0.0019721160301075721377
0.013577034557905327816
3.601880126609690258
0.048903809202433881631
6.8885534509105869226e-005
2.9791047628095386871e-009
3.7769684636714782044
5.1432849922250740704
0.00021744217078930989603
1.3783681192709952752e-005
3.0010611468512084314e-007
7.218582938189166056e-011
8.0322688340542773311e-016
4.8487322625250401599e-012
0.000456057190173497285
1.9096394489887761306e-006
9.395053830603702689e-007
5.0872267177223362382e-005
0.048892474702828134236
5.455068745528057891e-005
9.8894931435496779566e-010
4.6054023374375736566
0.79084456023583871165
1.4221584380450380135e-005
1.0914429594978836829e-005
3.6432803243758194737e-008
8.6994200697104490497e-015
9.503832746060364779e-020
5.7624958750444712568e-016
8.8560098985042946481e-005
3.7045124990553519976e-007
9.3827115397372752693e-008
3.7923376212230692855e-007
15.609662001447166091
74.990529238674099588
0.58232462399105167083
2.8350561217309583456e-007
-4.1402701121496460402e-321
-2.3439956435646259795e-319
0.00048024866728832058763
6.0809911624560303803e-035
0.00064822726931072121095
0.0096049733457664147884
0.000621006098726609038
0.010225979444531043544
0.0014157910575649339507
0.0022218055794042323656
1.0225023733076816779
0.8044832624326226922
0.14168690419352092391
0.0044775460580487010456
0.2290434538217986371
0.085526408535578524184
0.14351693472704621368
0.051034658862776541288
0.0089883073502040090885
0.00028404573008008787878
0.057688797952260846558
0.021541445015525444856
0.036147456804915878426
0.1136005442909563401
0.11374686142636340758
9.4624675856731865764
6.1119343850899303661
0.0054894151082262813285
0.0062664342848436499489
0.027577265143259664659
4.3888456489902152313
0.010940868941022060049
9968.8498161013012577
0
0.54537780043753814052
0
0.19712769876840535721
8.2889393402785932717e-311
6.6312354633826676292e-309
15.87166161885595983
8.2894334059244345182e-311
81.800426139942871373
8.2973384562578944629e-311
