-66.3229612271
0.5414695736
0.4194439083
0.0012045069
0.4015980048
0.4443716733
0.4443716733
0.4443716733
0.9311905877
0.0149274305
0.9954569057
0.0000032018
0.9803876891
0.0001517255
0.0059393764
0.3711720680
0.2611142220
0.0229855798
0.0957204864
0.4019204376
0.0228187889
0.0423702050
0.0934077407
1.6796634676
0.0000585852
0.0067263333
0.1368176747
0.7625471494
0.0253897300
0.0146822602
0.0963395663
0.0000338291
0.5800195877
0.7315779380
8.0688635191
139.6238173619
0.7558708143
0.0000001263
0.0000000388
0.2323750618
0.0042485437
0.0020114301