-77.059904149089263115
11.625106958114901801
11.625103066680045671
11.625106360752676338
136.88591718965946598
0.00065066464552069420632
0.00015673786696132656826
0.00010232419682673341065
0.60420044295111907662
8.4083444178871751262
1.3007017081811023118
0.0056984520946720988374
0.92025173360674339396
0.93663569337238250512
0.09099418181527203775
0.73134513339394979781
8.8954566983474394096e-006
3.2675400817542613177e-006
4.0650876137617419914
0.88710379619586732236
0.010218314014429397824
0.11603330631835162556
0.011313222436873158691
0.001832208316294677182
0.13765990594385685286
0.0024919560155398957912
0.026556210782117450897
0.014472733863532045995
0.13618116189240855873
0.14892309168951822773
0.8963068854082056891
6.5026644002960922735e-006
3.6014981221873444586e-005
0.0018771636820029916765
1.1983687733416167195e-005
0.10176079930476514268
0.89629584202940315585
6.502738168185747528e-006
3.6293426422440374127e-005
0.0018914168874151334951
1.19827487776487424e-005
0.1017527595968356624
0.8979355679933176404
6.5142783653317343275e-006
6.371921799926412129e-007
3.3087283731127653313e-005
1.2013322802196646483e-005
0.10201152850130232319
0.89793117552173440377
6.514257520798471381e-006
6.4405403681535045029e-007
3.343934029954294889e-005
1.2013255244640205812e-005
0.10201100213386368742
0.35791219733244400425
0.29753560255239835941
0.10993089694469679318
0.015231373242235694485
0.057937135845685168445
0.065098537095889794091
0.35048137002603407808
0.14934907918604897747
0.49935730731311434027
0.0007996895174136079646
1.1771949738755343862e-005
0.15574390939426188685
0.011346023050137982527
0.00027654297645488988208
0.0029812323523134044712
0.12142404151562082026
0.002971491952472278715
0.11179583109690950649
0.068167811529581276431
0.32571766777014038441
0.49426322742842437874
5.4875453786668647684e-005
5.0898850116006330873e-007
0.022999999999999999611
6.9525192652911092362e-305
1.0039413923494129778e-312
1.0649896257464949245e-308
1.0128345739745554156e-312
0.61307400574303505536
0.62315190397518027687
0.12992287159339890867
0.015953113928895874818
0.00039177466329356233458
0.0025524983039919061333
0.0047012981132224839279
392.60809020400148484
16.902517149839486166
0.013559402802752359291
0
0
0
0.70443841488314706822
0.087157751047338360983
3.2889509298201718784e-005
1.1059374079115006507e-008
3.2975766560401198457e-009
6.037848394436405125e-005
0.0020234025428925838525
0.013590563008508997275
3.6018134966955654974
0.049301975944440086519
6.7802657795956009661e-005
2.8341768283995920142e-009
3.7578878218049265314
4.6543055586776187482
0.00019255868894109412362
1.3566471585844115967e-005
2.5498391244743909331e-007
4.5029250195432275053e-011
5.0039375575818067109e-016
3.0245201992514223818e-012
0.00043120224816114858168
1.820206715608072737e-006
8.3844115418097852815e-007
3.9964742332580631152e-005
0.049296895109150529191
5.3807625211893292502e-005
9.5602864790715637048e-010
4.6441213717582661147
0.76266072174724053312
1.3446766414952038859e-005
1.0765601129416400619e-005
3.4751402530373425785e-008
6.8508780643954289925e-015
7.477236307953564081e-020
4.5347800664080740068e-016
8.6188914616031913241e-005
3.6350577460315180658e-007
8.8549327857101908499e-008
3.3571679211534386555e-007
15.518835747826534188
74.864305926813884184
0.57846017014330242123
2.2490979271576841699e-007
-4.1402701121496460402e-321
-2.3439956435646259795e-319
0.00048024866728832058763
2.5222912178309660956e-035
0.00064822726931072121095
0.0096049733457664147884
0.000621006098726609038
0.010225979444531043544
0.0014157910575649339507
0.0022218055794042323656
1.0225023733076816779
0.8044832624326226922
0.14168690419352092391
0.0044775460580487010456
0.2290434538217986371
0.085526408535578524184
0.14351693472704621368
0.051034658862776541288
0.0089883073502040090885
0.00028404573008008787878
0.057688797952260846558
0.021541445015525444856
0.036147456804915878426
0.1136005442909563401
0.11374686142636340758
9.4624675856731865764
6.1119343850899303661
0.0054894151082262813285
0.0062664342848436499489
0.027577265143259664659
4.3888456489902152313
0.010940868941022060049
9968.9575140567249036
0
0.5907083715323521167
0
0.21352884249548279016
3.9826631711262883926e-311
6.6312354633826676292e-309
16.876448318068639765
3.9831572367721296392e-311
80.803401740058333758
3.9910622871055895839e-311
